# Camera parameter file. 

# The format of each camera is as follows:
# Filename (of the undistorted image in visualize folder)
# Original filename
# Focal Length (of the undistorted image)
# 2-vec Principal Point (image center)
# 3-vec Translation T (as in P = K[R T])
# 3-vec Camera Position C (as in P = K[R -RC])
# 3-vec Axis Angle format of R
# 4-vec Quaternion format of R
# 3x3 Matrix format of R
# [Normalized radial distortion] = [radial distortion] * [focal length]^2
# 3-vec Lat/Lng/Alt from EXIF

# The nubmer of cameras in this reconstruction
6

00000000.jpg
D:\MARL_3d_recon\img2\31574893208_.pic.jpg
1501.9317627
540 720
-0.0238497853279 -0.0976550579071 -0.222168430686
-0.12932819128 0.196986734867 0.0627263188362
0.580847756547 1.03512568581 0.0868505310543
0.828111706933 0.273584798781 0.487554009248 0.0409074233217
0.521235466003 0.199022874236 0.8298817873
0.334526538849 0.846955478191 -0.413228034973
-0.785114943981 0.493007063866 0.374885052443
-0.287935203561
0 0 0

00000001.jpg
D:\MARL_3d_recon\img2\71574893216_.pic.jpg
1556.75341797
540 720
-0.933053672314 -0.137912690639 -0.214494258165
-0.0252513587475 0.21996986866 0.941590249538
0.393488216967 1.43254423387 0.356942218394
0.72211530002 0.1781579912 0.648606977305 0.161611214419
0.106381654739 -0.00229474832304 0.994322538376
0.464512974024 0.884282886982 -0.0476567968726
-0.879153549671 0.466945648193 0.0951374843717
-0.229986908719
0 0 0

00000002.jpg
D:\MARL_3d_recon\img2\61574893215_.pic.jpg
1371.19580078
540 720
1.37896466255 -0.424618244171 -0.320697635412
-1.35768711567 0.223256155849 -0.539937734604
0.647525374032 0.442680630968 -0.0875650719475
0.923139973134 0.315424584857 0.215639973114 -0.0426549716423
0.903359770775 0.214789330959 0.371222794056
0.0572832934558 0.797376275063 -0.600758254528
-0.425040721893 0.563965916634 0.708013594151
-0.159132755201
0 0 0

00000003.jpg
D:\MARL_3d_recon\img2\21574893207_.pic.jpg
1430.10668945
540 720
2.16059660912 -0.753340959549 0.264344841242
-2.1872792244 0.00755287706852 -0.72203707695
0.73396044634 0.0720020307665 -0.160110485397
0.929651107396 0.358333622045 0.0351527777931 -0.0781690218399
0.985308349133 0.170532628894 0.00933847669512
-0.120147041976 0.730973362923 -0.671746373177
-0.121380798519 0.660754621029 0.740723013878
-0.175837172505
0 0 0

00000004.jpg
D:\MARL_3d_recon\img2\81574893219_.pic.jpg
1247.28027344
540 720
1.50868999958 -2.72482919693 1.24606192112
-3.35177063942 -0.0919285416603 -0.103368222713
0.684500143024 -0.772240701546 -0.799535143204
0.794437040334 0.318460579903 -0.359281475899 -0.371980090804
0.46509501338 0.362195611 -0.807775199413
-0.819863438606 0.52042645216 -0.23870266974
0.333930850029 0.773284852505 0.538999378681
-0.112755752344
0 0 0

00000005.jpg
D:\MARL_3d_recon\img2\51574893213_.pic.jpg
1159.51293945
540 720
0.369002312422 -3.26598644257 1.90984416008
-3.73484659195 -0.295432209969 0.643404424191
0.602857221523 -1.32582419819 -1.05461354598
0.62232189391 0.262428094132 -0.577140830469 -0.459080878582
-0.0876938700676 0.268476158381 -0.959286272526
-0.874308168888 0.440752238035 0.203279301524
0.477383226156 0.856538295746 0.196079790592
-0.107133455547
0 0 0

