# Camera parameter file. 

# The format of each camera is as follows:
# Filename (of the undistorted image in visualize folder)
# Original filename
# Focal Length (of the undistorted image)
# 2-vec Principal Point (image center)
# 3-vec Translation T (as in P = K[R T])
# 3-vec Camera Position C (as in P = K[R -RC])
# 3-vec Axis Angle format of R
# 4-vec Quaternion format of R
# 3x3 Matrix format of R
# [Normalized radial distortion] = [radial distortion] * [focal length]^2
# 3-vec Lat/Lng/Alt from EXIF

# The nubmer of cameras in this reconstruction
8

00000000.jpg
D:\MARL_3d_recon\img2\31574893208_.pic.jpg
1245.6385498
540 720
-0.558950776775 1.021053398 0.133386730543
-0.738271040342 -0.90332617966 0.108281198319
0.322926947728 1.66339170706 0.923095641492
0.569591494827 0.137554985404 0.708543599711 0.39320474301
-0.313288361828 -0.253004350841 0.91533525503
0.642859958536 0.652937684388 0.400505323658
-0.698986377409 0.713905922687 -0.0419114386418
-0.0620426980109
0 0 0

00000001.jpg
D:\MARL_3d_recon\img2\71574893216_.pic.jpg
1260.78955078
540 720
-1.69733229708 0.761566501902 0.247124717728
-1.39399729974 -1.08913083445 0.626543495753
0.12775082801 2.0217896706 1.21005613147
0.381062764719 0.0500537531512 0.792152682468 0.474109262907
-0.704571525215 -0.282030128301 0.651181900767
0.440631417708 0.545430073093 0.712986757083
-0.556257664277 0.789281243324 -0.260023225256
-0.0462794561429
0 0 0

00000002.jpg
D:\MARL_3d_recon\img2\61574893215_.pic.jpg
1207.45654297
540 720
1.16458624023 0.843307634374 -0.0320344017349
-0.852596307791 -0.255771444332 -1.12965281414
0.293855338673 1.13393884845 0.652421815786
0.783564176358 0.136166134624 0.525442452706 0.302317994973
0.265028097891 -0.330676057394 0.90576657049
0.616866145523 0.780125513274 0.104311701378
-0.741104960223 0.531091321875 0.410737662723
-0.0469141393548
0 0 0

00000003.jpg
D:\MARL_3d_recon\img2\21574893207_.pic.jpg
1242.64855957
540 720
2.16584962188 0.557502219001 0.513932351498
-1.2720997195 4.4408920985e-016 -1.90987034852
0.339796066777 0.795861494854 0.535401598756
0.873329397749 0.162661856922 0.380982363432 0.25629907691
0.578326149306 -0.323724587662 0.748826270155
0.571609486264 0.815703544497 -0.0888238556465
-0.58206612188 0.479405670522 0.65678725409
-0.0468495105341
0 0 0

00000004.jpg
D:\MARL_3d_recon\img2\81574893219_.pic.jpg
1261.07592773
540 720
2.73636555139 -1.77169752558 2.21027626193
-2.78772775882 0.0441713589297 -2.78182617501
0.484597117406 0.0430126133991 -0.173554660733
0.966834234652 0.239613916391 0.021268019104 -0.0858158467566
0.984366397754 0.176131789137 1.73472347598e-018
-0.155747004942 0.870441683276 -0.466984133013
-0.082250595892 0.459683616849 0.884265668147
-0.0654233568816
0 0 0

00000005.jpg
D:\MARL_3d_recon\img2\51574893213_.pic.jpg
1203.10656738
540 720
1.7321456362 -2.90226190096 3.54281041371
-4.10338987913 0 -2.6715441249
0.410532404649 -0.486242197508 -0.502406296917
0.918946698707 0.199689807554 -0.236516313317 -0.244378800818
0.768678161637 0.354682474567 -0.532291620906
-0.543601894416 0.800805956816 -0.251409431302
0.337091920348 0.482607726367 0.808368021806
-0.0362293256189
0 0 0

00000006.jpg
D:\MARL_3d_recon\img2\91574893237_.pic.jpg
1273.33728027
540 720
0.186933673566 -2.77695438543 4.4679568965
-5.08483348197 4.4408920985e-016 -1.36144256718
0.2477548356 -1.13359924499 -0.622715604962
0.790944050682 0.115118267323 -0.526722235738 -0.289342249587
0.27768938108 0.336436299614 -0.899832735125
-0.578977824073 0.806057729186 0.122701789824
0.76659853975 0.486910224481 0.41862285497
-0.00294998716029
0 0 0

00000007.jpg
D:\MARL_3d_recon\img2\101574893239_.pic.jpg
1241.55688477
540 720
-0.517944719696 -2.84963209802 4.66206314822
-5.43244982847 -0.00915351850856 -0.782245304831
0.204098556581 -1.36817478783 -0.695097425648
0.71507354585 0.0921592932564 -0.617789873723 -0.313866440631
0.0396469931356 0.335004999754 -0.941381802707
-0.562745354748 0.785989078773 0.256005681382
0.825678979666 0.519608371829 0.219684631989
0.024209535764
0 0 0

